.gitattributes
20022210800360313
20022211010520208
20022211010600421
20022211010600481
20022211102200336
20022211102310101
20022211102360313
20022211700710101
20022211700760313
20022211710610101
20022211910800391
20022211920300336
20022212010610101
20022212010680941
20022212210310101
20022212210340363
20022212410200336
20022212410210101
20022212410240363
20022212410300355
20022212410300481
20122210300280941
20122210500500481
20122210811800481
20122211010310404
20122211010380848
20122211105500381
20122211105600381
20122211105610101
20122211702110101
20122211711910101
20122211712000355
20122211901400381
20122211901500481
20122211901600381
20122211910600381
20122212210480941
20132210301210302
20132210511500481
20132210801888201
20132210910180821
20132211101700366
20132211101800366
20132211101960334
20132211310180821
20132211700110302
20132211700160611
20132211710100318
20132211710240524
20132211810100318
20132211910110101
20132211910140524
20132211910210101
20132211910260601
20222210801688201
20222210912488201
20222211103300381
20222211103300384
20222211103310101
20222211702910101
20222211702980721
20222211713190001
20222211713220001
20222211713240524
20222211713310101
20222211800500384
20222211900640363
20222211900680721
20222211911100319
20222211911100394
20232210120188201
20232210812488201
20232210920100391
20232210920190001
20232211020188201
20232211100610101
20232211710210101
20232211710290001
20232211710390001
20232211720160611
20232211720200391
20232211900100491
20232211900288201
20232211900300491
20822210800100211
20822210800100333
20822210800180001
20822210800200211
20822210800200418
20822210800210302
20822210800260322
20822210800488201
20822210800531004
20822210800590001
20822210800820208
20822210800880021
20822210800890001
20822210810350224
20822210811120408
20822210811180821
20822210811190001
20822210820100391
20822210820100488
20822210820160304
20822210820200388
20822210820288101
20822210820288201
20822210820320606
20822210820330504
20822210820340359
20822210820340610
20822210820360801
20822210820380243
20822210820420606
20822210820460417
20822210820480243
20822211010100415
20822211010100444
20822211010200391
20822211010270328
20822211010290001
20822211100600411
20822211100680821
20822211101100366
20822211101110101
20822211101210101
20822211101260334
20822211101280908
20822211101800466
20822211101800488
20822211101900434
20822211101900468
20822211102010101
20822211102060035
20822211102080708
20822211102210101
20822211102280901
20822211103610101
20822211103680901
20822211200100491
20822211700600411
20822211700600433
20822211700660043
20822211700680016
20822211700700366
20822211700730006
20822211700740310
20822211700800434
20822211700800466
20822211700800488
20822211701710101
20822211701760136
20822211701800414
20822211701800446
20822211701800468
20822211701910101
20822211701990001
20822211702510101
20822211702560045
20822211702580901
20822211710100358
20822211710110302
20822211710620004
20822211710630312
20822211710641106
20822211710680129
20822211710700311
20822211710700334
20822211710700388
20822211710730404
20822211710900336
20822211711400319
20822211711400481
20822211711480108
20822211711500313
20822211711500323
20822211711500348
20822211711600413
20822211711600438
20822211711600448
20822211711710101
20822211711720606
20822211711740115
20822211711770030
20822211711810101
20822211712010101
20822211712030409
20822211712041105
20822211712080519
20822211712100338
20822211712100386
20822211712200481
20822211712500441
20822211712500481
20822211712500491
20822211720300438
20822211720310101
20822211720360818
20822211720370023
20822211720380224
20822211720400373
20822211720441125
20822211720510101
20822211720530312
20822211720560068
20822211720580129
20822211720600319
20822211720600478
20822211720810101
20822211720830430
20822211720860334
20822211720870314
20822211720880901
20822211800180022
20822211810200391
20822211910700419
20822211910700439
20822211910700482
20822212020280821
20822212020580821
20822212300100419
20822212300120208
20822212300160026
20822212300180021
20822212400370023
20822212400410101
20822212410200488
批量提取文件夹名称.bat
文件名称列表.TXT
